    1.000000      0.1260000E-02
   0.9988641      0.1494922E-02
   0.9974779      0.1781119E-02
   0.9959995      0.2085724E-02
   0.9944166      0.2411197E-02
   0.9927138      0.2760538E-02
   0.9908721      0.3137442E-02
   0.9888680      0.3546500E-02
   0.9866715      0.3993520E-02
   0.9842441      0.4485979E-02
   0.9815346      0.5033728E-02
   0.9784737      0.5650032E-02
   0.9749651      0.6353304E-02
   0.9708697      0.7169897E-02
   0.9659789      0.8139045E-02
   0.9599663      0.9321539E-02
   0.9522989      0.1081526E-01
   0.9420883      0.1277989E-01
   0.9279546      0.1545366E-01
   0.9084523      0.1905711E-01
   0.8837525      0.2348033E-01
   0.8560338      0.2826050E-01
   0.8271703      0.3303500E-01
   0.7979440      0.3766087E-01
   0.7686043      0.4209484E-01
   0.7392349      0.4632264E-01
   0.7098752      0.5033697E-01
   0.6805533      0.5413159E-01
   0.6512950      0.5769992E-01
   0.6221260      0.6103469E-01
   0.5930725      0.6412785E-01
   0.5641614      0.6697061E-01
   0.5354209      0.6955345E-01
   0.5068816      0.7186615E-01
   0.4785801      0.7389771E-01
   0.4505717      0.7563594E-01
   0.4229712      0.7706671E-01
   0.3960792      0.7817152E-01
   0.3701814      0.7888878E-01
   0.3448676      0.7920642E-01
   0.3200043      0.7912793E-01
   0.2955840      0.7865034E-01
   0.2716404      0.7777057E-01
   0.2482259      0.7648733E-01
   0.2254079      0.7480242E-01
   0.2032710      0.7272244E-01
   0.1819239      0.7026150E-01
   0.1615088      0.6744566E-01
   0.1422130      0.6431970E-01
   0.1242732      0.6095526E-01
   0.1079543      0.5745549E-01
   0.9348678E-01  0.5394697E-01
   0.8098019E-01  0.5055406E-01
   0.7037418E-01  0.4736846E-01
   0.6146751E-01  0.4443483E-01
   0.5399356E-01  0.4175788E-01
   0.4768663E-01  0.3931867E-01
   0.4231617E-01  0.3708865E-01
   0.3769576E-01  0.3503799E-01
   0.3367952E-01  0.3313936E-01
   0.3015469E-01  0.3136912E-01
   0.2703422E-01  0.2970737E-01
   0.2425052E-01  0.2813754E-01
   0.2175074E-01  0.2664585E-01
   0.1949317E-01  0.2522078E-01
   0.1744460E-01  0.2385268E-01
   0.1557828E-01  0.2253342E-01
   0.1387264E-01  0.2125602E-01
   0.1231010E-01  0.2001456E-01
   0.1087621E-01  0.1880394E-01
   0.9559233E-02  0.1761969E-01
   0.8349424E-02  0.1645799E-01
   0.7238844E-02  0.1531551E-01
   0.6221044E-02  0.1418938E-01
   0.5290710E-02  0.1307716E-01
   0.4443718E-02  0.1197684E-01
   0.3676630E-02  0.1088676E-01
   0.2986954E-02  0.9805779E-02
   0.2372630E-02  0.8733157E-02
   0.1832123E-02  0.7668549E-02
   0.1364067E-02  0.6611953E-02
   0.9675478E-03  0.5564380E-02
   0.6414854E-03  0.4527341E-02
   0.3842540E-03  0.3501198E-02
   0.1941384E-03  0.2486718E-02
   0.6984315E-04  0.1490171E-02
   0.8447601E-05  0.5171977E-03
   0.6222618E-05 -0.4426174E-03
   0.6375560E-04 -0.1410929E-02
   0.1862743E-03 -0.2398427E-02
   0.3784651E-03 -0.3398956E-02
   0.6431773E-03 -0.4404743E-02
   0.9832814E-03 -0.5413191E-02
   0.1401121E-02 -0.6421806E-02
   0.1897932E-02 -0.7427118E-02
   0.2474383E-02 -0.8426206E-02
   0.3131072E-02 -0.9417346E-02
   0.3868441E-02 -0.1039916E-01
   0.4687164E-02 -0.1137105E-01
   0.5588256E-02 -0.1233285E-01
   0.6573435E-02 -0.1328506E-01
   0.7645176E-02 -0.1422854E-01
   0.8806856E-02 -0.1516451E-01
   0.1006311E-01 -0.1609451E-01
   0.1141971E-01 -0.1702034E-01
   0.1288413E-01 -0.1794402E-01
   0.1446554E-01 -0.1886778E-01
   0.1617532E-01 -0.1979410E-01
   0.1802750E-01 -0.2072567E-01
   0.2003928E-01 -0.2166548E-01
   0.2223199E-01 -0.2261683E-01
   0.2463210E-01 -0.2358337E-01
   0.2727279E-01 -0.2456927E-01
   0.3019601E-01 -0.2557924E-01
   0.3345548E-01 -0.2661863E-01
   0.3712082E-01 -0.2769357E-01
   0.4128349E-01 -0.2881104E-01
   0.4606517E-01 -0.2997878E-01
   0.5162946E-01 -0.3120495E-01
   0.5819718E-01 -0.3249702E-01
   0.6606345E-01 -0.3385911E-01
   0.7560807E-01 -0.3528658E-01
   0.8727678E-01 -0.3675656E-01
   0.1014979     -0.3821647E-01
   0.1185273     -0.3958067E-01
   0.1383185     -0.4074820E-01
   0.1605577     -0.4163576E-01
   0.1848340     -0.4219904E-01
   0.2107790     -0.4243065E-01
   0.2381094     -0.4234745E-01
   0.2666147     -0.4197936E-01
   0.2961335     -0.4136270E-01
   0.3265301     -0.4053676E-01
   0.3576544     -0.3954294E-01
   0.3892128     -0.3842831E-01
   0.4204217     -0.3723045E-01
   0.4514328     -0.3588062E-01
   0.4826887     -0.3437926E-01
   0.5142647     -0.3274340E-01
   0.5461476     -0.3099179E-01
   0.5783034     -0.2914246E-01
   0.6106936     -0.2721192E-01
   0.6432792     -0.2521486E-01
   0.6760217     -0.2316398E-01
   0.7088825     -0.2106989E-01
   0.7418226     -0.1894115E-01
   0.7747970     -0.1678455E-01
   0.8077326     -0.1460660E-01
   0.8404304     -0.1242033E-01
   0.8721880     -0.1027158E-01
   0.9009207     -0.8302556E-02
   0.9235405     -0.6732896E-02
   0.9394516     -0.5616943E-02
   0.9505787     -0.4830084E-02
   0.9587466     -0.4248862E-02
   0.9650603     -0.3797364E-02
   0.9701493     -0.3431982E-02
   0.9743850     -0.3126825E-02
   0.9779990     -0.2865705E-02
   0.9811426     -0.2637988E-02
   0.9839195     -0.2436370E-02
   0.9864035     -0.2255655E-02
   0.9886484     -0.2092023E-02
   0.9906949     -0.1942599E-02
   0.9925741     -0.1805163E-02
   0.9943108     -0.1677971E-02
   0.9959244     -0.1559626E-02
   0.9974308     -0.1448997E-02
   0.9988430     -0.1345160E-02
    1.000000     -0.1260000E-02
